alpha=0.02020221595802991
beta=0.01
gamma=0.20202215958029912
T=10
S=6
D=1000
V=5914
acc@1=0.457
acc@2=0.651
acc@3=0.766
ap=0.4063234395974004
perplexity1039.6277690381653
train_iters=1000
test_iters=100
所有迭代总运行时间(ms)=33800.0
单次迭代运行时间(ms)=338.0
