alpha=0.02020221595802991
beta=0.01
gamma=0.20202215958029912
T=10
S=6
D=4257
V=25720
acc@1=0.83697439511393
acc@2=0.9546629081512803
acc@3=0.9866102889358703
ap=0.8986418685089687
perplexity1385.3954849199524
train_iters=1000
test_iters=100
所有迭代总运行时间(ms)=1878832.0
单次迭代运行时间(ms)=1878.832
