0.0077072003223848835 0.0077072003223848835 0.2747591037807783 0.0077072003223848835 0.4655104633939164 0.23660883185815063 
0.0064725521916589425 0.16666666666666666 0.0064725521916589425 0.3588996040366759 0.0064725521916589425 0.45501607272168054 
0.01109272373817728 0.17581807507422487 0.01109272373817728 0.23072652551957404 0.01109272373817728 0.5601772281916692 
0.5493404070170689 0.3692586468521737 0.0090951265223834 0.0090951265223834 0.0090951265223834 0.054115566563607186 
0.010515342571665136 0.11461622530166615 0.7392215216816722 0.06256578393666565 0.010515342571665136 0.06256578393666565 
0.14637149274174593 0.024600449192221565 0.38991357984079467 0.2681425362912703 0.024600449192221565 0.14637149274174593 
0.14894379541997485 0.007160825446440529 0.11349805292659128 0.14894379541997485 0.007160825446440529 0.5742927053405779 
0.024600449192221565 0.024600449192221565 0.024600449192221565 0.14637149274174593 0.6334556669398433 0.14637149274174593 
0.04417228746671294 0.15441722874667127 0.007423973706726817 0.007423973706726817 0.4116554250665741 0.374907111306588 
0.015290654448485366 0.09097866055757602 0.16666666666666666 0.3180426788848479 0.16666666666666666 0.2423546727757573 
0.7930743728072367 0.008343839839929187 0.09094705383648787 0.008343839839929187 0.09094705383648787 0.008343839839929187 
0.009995093541353233 0.009995093541353233 0.059470327159873264 0.25737126163395335 0.3563217288709934 0.3068464952524734 
0.028011430289942636 0.028011430289942636 0.3053219030433907 0.16666666666666666 0.16666666666666666 0.3053219030433907 
0.008703300121119754 0.008703300121119754 0.05178421826990527 0.1810269727162618 0.05178421826990527 0.6979979905016881 
0.012461170908857318 0.012461170908857318 0.1358255675151048 0.1358255675151048 0.07414336921198106 0.6292831539400946 
0.01978256260679509 0.7052417148861957 0.01978256260679509 0.01978256260679509 0.21562803468662384 0.01978256260679509 
0.0077072003223848835 0.04585747224501251 0.3129093757034059 0.16030828801289537 0.0077072003223848835 0.4655104633939164 
0.06600117418352647 0.23072652551957404 0.01109272373817728 0.23072652551957404 0.01109272373817728 0.4503603273009708 
0.8347194804184151 0.01109272373817728 0.01109272373817728 0.01109272373817728 0.12090962462887567 0.01109272373817728 
0.00668678904149566 0.40387820935226504 0.2714810692486752 0.00668678904149566 0.00668678904149566 0.3045803542745727 
0.3492392073673402 0.3834715587487165 0.07538039631632987 0.006915693553577276 0.17807745046045875 0.006915693553577276 
0.013280330913814318 0.013280330913814318 0.4077023371354346 0.07901733195075103 0.4077023371354346 0.07901733195075103 
0.049645446838208526 0.25615348182960523 0.008343839839929187 0.5452647308175606 0.008343839839929187 0.13224866083476722 
0.12090962462887567 0.779811029973066 0.01109272373817728 0.06600117418352647 0.01109272373817728 0.01109272373817728 
0.0054289325422739836 0.0054289325422739836 0.0054289325422739836 0.08604779960447033 0.7309987361020411 0.16666666666666666 
0.09842851889717406 0.42597162819073847 0.18031429622056516 0.09842851889717406 0.01654274157378296 0.18031429622056516 
0.12090962462887567 0.4503603273009708 0.2856349759649232 0.06600117418352647 0.06600117418352647 0.01109272373817728 
0.00952389653531015 0.00952389653531015 0.00952389653531015 0.4338093758899727 0.19809522069293795 0.3395237138111588 
0.4240020356259125 0.005286859014258296 0.13613535170540023 0.21464444732008536 0.005286859014258296 0.21464444732008536 
0.0059049858081449795 0.09359317536733863 0.0351343823278762 0.0059049858081449795 0.8535574848803503 0.0059049858081449795 
0.007160825446440529 0.18438953791335844 0.007160825446440529 0.5742927053405779 0.04260656793982411 0.18438953791335844 
0.19750776581822851 0.07414336921198106 0.012461170908857318 0.012461170908857318 0.07414336921198106 0.6292831539400946 
0.2792177667697261 0.14415644664605476 0.09913600660483098 0.18917688668727853 0.14415644664605476 0.14415644664605476 
0.19809522069293795 0.00952389653531015 0.00952389653531015 0.0566667275747171 0.7166663621264144 0.00952389653531015 
0.10894556077839329 0.1584207943969133 0.009995093541353233 0.009995093541353233 0.009995093541353233 0.7026483642006336 
0.5511325414066852 0.0064725521916589425 0.07055019798166202 0.16666666666666666 0.0064725521916589425 0.1987054895616682 
0.4269188734916692 0.010515342571665136 0.010515342571665136 0.010515342571665136 0.16666666666666666 0.37486843212666865 
0.03731582013419915 0.16149263280536796 0.03731582013419915 0.09940422646978357 0.03731582013419915 0.6271556803222511 
0.6292831539400946 0.012461170908857318 0.012461170908857318 0.25918996412135226 0.012461170908857318 0.07414336921198106 
0.01654274157378296 0.18031429622056516 0.18031429622056516 0.18031429622056516 0.09842851889717406 0.34408585086734733 
0.1279342987310077 0.011737194924030832 0.011737194924030832 0.1279342987310077 0.011737194924030832 0.708919817765892 
0.39373068499393854 0.015290654448485366 0.09097866055757602 0.015290654448485366 0.09097866055757602 0.39373068499393854 
0.0090951265223834 0.0090951265223834 0.09913600660483098 0.0090951265223834 0.14415644664605476 0.729422167181964 
0.09842851889717406 0.34408585086734733 0.18031429622056516 0.34408585086734733 0.01654274157378296 0.01654274157378296 
0.09913600660483098 0.054115566563607186 0.14415644664605476 0.23419732672850233 0.4592995269346213 0.0090951265223834 
0.10996565316717183 0.005286859014258296 0.005286859014258296 0.3716626385494557 0.005286859014258296 0.5025111312405977 
0.0064725521916589425 0.0064725521916589425 0.10258902087666358 0.0064725521916589425 0.5511325414066852 0.3268607811416744 
0.03875997815641002 0.03875997815641002 0.8062001092179498 0.03875997815641002 0.03875997815641002 0.03875997815641002 
0.1584207943969133 0.10894556077839329 0.009995093541353233 0.059470327159873264 0.20789602801543333 0.4552721961080335 
0.18603285063449615 0.011737194924030832 0.5346241620554267 0.1279342987310077 0.06983574682751927 0.06983574682751927 
0.3533506453114039 0.1379460545674763 0.1810269727162618 0.008703300121119754 0.31026972716261836 0.008703300121119754 
0.010515342571665136 0.010515342571665136 0.010515342571665136 0.6871710803166717 0.010515342571665136 0.27076754939666764 
0.10380955861412405 0.10380955861412405 0.150952389653531 0.00952389653531015 0.19809522069293795 0.4338093758899727 
0.0054289325422739836 0.0054289325422739836 0.0054289325422739836 0.0054289325422739836 0.16666666666666666 0.8116176031642375 
0.010515342571665136 0.21871710803166713 0.16666666666666666 0.21871710803166713 0.37486843212666865 0.010515342571665136 
0.0090951265223834 0.0090951265223834 0.0090951265223834 0.7744426072231878 0.0090951265223834 0.18917688668727853 
0.0090951265223834 0.0090951265223834 0.3692586468521737 0.14415644664605476 0.0090951265223834 0.4592995269346213 
0.7526475505463421 0.1358255675151048 0.012461170908857318 0.012461170908857318 0.07414336921198106 0.012461170908857318 
0.3954518768556216 0.06600117418352647 0.17581807507422487 0.12090962462887567 0.23072652551957404 0.01109272373817728 
0.0090951265223834 0.0090951265223834 0.4142790868933975 0.0090951265223834 0.4142790868933975 0.14415644664605476 
0.00952389653531015 0.19809522069293795 0.00952389653531015 0.6223807000476005 0.00952389653531015 0.150952389653531 
0.06600117418352647 0.2856349759649232 0.06600117418352647 0.06600117418352647 0.3954518768556216 0.12090962462887567 
0.015290654448485366 0.015290654448485366 0.015290654448485366 0.16666666666666666 0.015290654448485366 0.7721707155393918 
0.1721832141709829 0.00668678904149566 0.23838178422277778 0.20528249919688032 0.07288535909329055 0.3045803542745727 
0.014214767071535673 0.014214767071535673 0.3660268430602994 0.014214767071535673 0.22530201266479397 0.3660268430602994 
0.23072652551957404 0.01109272373817728 0.06600117418352647 0.01109272373817728 0.6699941290823676 0.01109272373817728 
0.007423973706726817 0.04417228746671294 0.5586486801065186 0.04417228746671294 0.08092060122669906 0.2646621700266296 
0.09913600660483098 0.0090951265223834 0.0090951265223834 0.504319966975845 0.0090951265223834 0.3692586468521737 
0.008343839839929187 0.09094705383648787 0.049645446838208526 0.3387566958261639 0.008343839839929187 0.5039631238192812 
0.1721832141709829 0.1721832141709829 0.40387820935226504 0.20528249919688032 0.03978607406739311 0.00668678904149566 
0.5391763392093081 0.013280330913814318 0.4077023371354346 0.013280330913814318 0.013280330913814318 0.013280330913814318 
0.18031429622056516 0.01654274157378296 0.01654274157378296 0.01654274157378296 0.01654274157378296 0.7535147374843029 
0.08733978054509826 0.04767633748431405 0.12700322360588245 0.08733978054509826 0.04767633748431405 0.6029645403352929 
0.006915693553577276 0.17807745046045875 0.006915693553577276 0.041148044934953575 0.006915693553577276 0.7600274239438558 
0.06983574682751927 0.011737194924030832 0.1279342987310077 0.011737194924030832 0.7670183696693804 0.011737194924030832 
0.01654274157378296 0.01654274157378296 0.01654274157378296 0.18031429622056516 0.01654274157378296 0.7535147374843029 
0.302229954441473 0.011737194924030832 0.011737194924030832 0.5346241620554267 0.011737194924030832 0.1279342987310077 
0.3014104837866157 0.04417228746671294 0.374907111306588 0.19116554250665738 0.04417228746671294 0.04417228746671294 
0.008012894423529853 0.12700322360588245 0.12700322360588245 0.008012894423529853 0.12700322360588245 0.6029645403352929 
0.14637149274174593 0.024600449192221565 0.14637149274174593 0.14637149274174593 0.14637149274174593 0.38991357984079467 
0.008012894423529853 0.4443107680921561 0.008012894423529853 0.008012894423529853 0.008012894423529853 0.5236376542137244 
0.39706399287365995 0.07805231043320769 0.07805231043320769 0.3261725078868928 0.007160825446440529 0.11349805292659128 
0.21871710803166713 0.16666666666666666 0.010515342571665136 0.11461622530166615 0.32281799076166817 0.16666666666666666 
0.01978256260679509 0.21562803468662384 0.3135507707265382 0.3135507707265382 0.01978256260679509 0.11770529864670946 
0.17581807507422487 0.01109272373817728 0.50526877774632 0.2856349759649232 0.01109272373817728 0.01109272373817728 
0.47896931485666966 0.010515342571665136 0.21871710803166713 0.010515342571665136 0.010515342571665136 0.27076754939666764 
0.006915693553577276 0.10961274769770617 0.3492392073673402 0.006915693553577276 0.24654215322321135 0.28077450460458764 
0.38666654485056573 0.00952389653531015 0.4338093758899727 0.00952389653531015 0.150952389653531 0.00952389653531015 
0.32087216242447597 0.012461170908857318 0.012461170908857318 0.012461170908857318 0.5059187573338472 0.1358255675151048 
0.3825543607275997 0.012461170908857318 0.25918996412135226 0.07414336921198106 0.012461170908857318 0.25918996412135226 
0.013280330913814318 0.4077023371354346 0.013280330913814318 0.4077023371354346 0.013280330913814318 0.14475433298768775 
0.3405434264102724 0.01109272373817728 0.01109272373817728 0.01109272373817728 0.6150856786370184 0.01109272373817728 
0.021930009099165603 0.8903499545041719 0.021930009099165603 0.021930009099165603 0.021930009099165603 0.021930009099165603 
0.0090951265223834 0.0090951265223834 0.054115566563607186 0.6844017271407402 0.14415644664605476 0.09913600660483098 
0.015290654448485366 0.015290654448485366 0.16666666666666666 0.4694186911030292 0.09097866055757602 0.2423546727757573 
0.39373068499393854 0.015290654448485366 0.015290654448485366 0.015290654448485366 0.4694186911030292 0.09097866055757602 
0.1358255675151048 0.1358255675151048 0.1358255675151048 0.1358255675151048 0.19750776581822851 0.25918996412135226 
0.2646621700266296 0.11766891498668518 0.4851520525865463 0.007423973706726817 0.007423973706726817 0.11766891498668518 
0.015290654448485366 0.5451066972121198 0.39373068499393854 0.015290654448485366 0.015290654448485366 0.015290654448485366 
0.06256578393666565 0.010515342571665136 0.4269188734916692 0.010515342571665136 0.4269188734916692 0.06256578393666565 
0.015290654448485366 0.015290654448485366 0.015290654448485366 0.5451066972121198 0.39373068499393854 0.015290654448485366 
0.024600449192221565 0.14637149274174593 0.024600449192221565 0.6334556669398433 0.024600449192221565 0.14637149274174593 
0.0077072003223848835 0.3129093757034059 0.08400774416764013 0.04585747224501251 0.5418110072391716 0.0077072003223848835 
0.32087216242447597 0.19750776581822851 0.012461170908857318 0.25918996412135226 0.012461170908857318 0.19750776581822851 
0.05343140482081106 0.12622550172171823 0.10196080275474917 0.6600488789950375 0.05343140482081106 0.004902006886872943 
0.024600449192221565 0.2681425362912703 0.38991357984079467 0.14637149274174593 0.024600449192221565 0.14637149274174593 
0.10894556077839329 0.3563217288709934 0.009995093541353233 0.3068464952524734 0.059470327159873264 0.1584207943969133 
0.01978256260679509 0.3135507707265382 0.01978256260679509 0.01978256260679509 0.01978256260679509 0.6073189788462813 
0.6474765038513105 0.014214767071535673 0.1549395974670412 0.1549395974670412 0.014214767071535673 0.014214767071535673 
0.015290654448485366 0.015290654448485366 0.2423546727757573 0.09097866055757602 0.5451066972121198 0.09097866055757602 
0.04385438398812711 0.004023373389681848 0.103600899885795 0.28284044757879867 0.004023373389681848 0.5616575217679155 
0.12090962462887567 0.01109272373817728 0.12090962462887567 0.06600117418352647 0.23072652551957404 0.4503603273009708 
0.007423973706726817 0.3381587975466019 0.04417228746671294 0.5953969938665047 0.007423973706726817 0.007423973706726817 
0.17613310068632201 0.06253589245045772 0.31812961098115244 0.005737288332525563 0.03413659039149164 0.40332751715805065 
0.011737194924030832 0.36032850634496144 0.06983574682751927 0.36032850634496144 0.011737194924030832 0.18603285063449615 
0.009995093541353233 0.009995093541353233 0.009995093541353233 0.8510740650561938 0.009995093541353233 0.10894556077839329 
0.3261725078868928 0.11349805292659128 0.04260656793982411 0.04260656793982411 0.3261725078868928 0.14894379541997485 
0.21049133402462447 0.013280330913814318 0.013280330913814318 0.013280330913814318 0.3419653360984979 0.4077023371354346 
0.21983528040674202 0.18438953791335844 0.14894379541997485 0.007160825446440529 0.29072676539350917 0.14894379541997485 
0.008012894423529853 0.40464732503137185 0.32532043890980344 0.008012894423529853 0.20633010972745083 0.04767633748431405 
0.17581807507422487 0.06600117418352647 0.4503603273009708 0.17581807507422487 0.12090962462887567 0.01109272373817728 
0.014214767071535673 0.014214767071535673 0.1549395974670412 0.1549395974670412 0.014214767071535673 0.6474765038513105 
0.6207947033212105 0.015290654448485366 0.015290654448485366 0.015290654448485366 0.015290654448485366 0.3180426788848479 
0.008703300121119754 0.05178421826990527 0.1810269727162618 0.09486513641869079 0.05178421826990527 0.611836154204117 
0.10894556077839329 0.009995093541353233 0.059470327159873264 0.009995093541353233 0.20789602801543333 0.6036978969635935 
0.13224866083476722 0.21485187483132587 0.008343839839929187 0.4213599098227226 0.09094705383648787 0.13224866083476722 
0.14894379541997485 0.21983528040674202 0.11349805292659128 0.11349805292659128 0.04260656793982411 0.36161825038027634 
0.5687552360553315 0.09486513641869079 0.05178421826990527 0.05178421826990527 0.008703300121119754 0.22410789086504734 
0.009995093541353233 0.1584207943969133 0.059470327159873264 0.7521235978191536 0.009995093541353233 0.009995093541353233 
0.008343839839929187 0.09094705383648787 0.21485187483132587 0.049645446838208526 0.3387566958261639 0.2974550888278846 
0.012461170908857318 0.012461170908857318 0.6292831539400946 0.012461170908857318 0.07414336921198106 0.25918996412135226 
0.19349588423290306 0.19349588423290306 0.19349588423290306 0.3544711896303215 0.03252057883548465 0.03252057883548465 
0.11603906802490956 0.08842401422031478 0.2817293908524783 0.11603906802490956 0.11603906802490956 0.2817293908524783 
0.013280330913814318 0.3419653360984979 0.013280330913814318 0.013280330913814318 0.013280330913814318 0.6049133402462448 
0.010515342571665136 0.010515342571665136 0.010515342571665136 0.11461622530166615 0.21871710803166713 0.6351206389516713 
0.007160825446440529 0.21983528040674202 0.11349805292659128 0.36161825038027634 0.007160825446440529 0.29072676539350917 
0.00952389653531015 0.4338093758899727 0.00952389653531015 0.00952389653531015 0.00952389653531015 0.5280950379687867 
0.013280330913814318 0.07901733195075103 0.013280330913814318 0.013280330913814318 0.013280330913814318 0.8678613443939917 
0.25615348182960523 0.17355026783304653 0.13224866083476722 0.008343839839929187 0.09094705383648787 0.3387566958261639 
0.00952389653531015 0.4338093758899727 0.0566667275747171 0.00952389653531015 0.150952389653531 0.3395237138111588 
0.28565699584901927 0.008012894423529853 0.6029645403352929 0.008012894423529853 0.008012894423529853 0.08733978054509826 
0.00952389653531015 0.10380955861412405 0.00952389653531015 0.0566667275747171 0.00952389653531015 0.8109520242052284 
0.012461170908857318 0.19750776581822851 0.1358255675151048 0.012461170908857318 0.6292831539400946 0.012461170908857318 
0.14384509907908244 0.006915693553577276 0.14384509907908244 0.006915693553577276 0.6915627211811032 0.006915693553577276 
0.43951248160897494 0.05178421826990527 0.008703300121119754 0.39643156346018943 0.09486513641869079 0.008703300121119754 
0.18031429622056516 0.01654274157378296 0.01654274157378296 0.6716289601609118 0.01654274157378296 0.09842851889717406 
0.1549395974670412 0.08457718226928844 0.1549395974670412 0.4363892582580522 0.014214767071535673 0.1549395974670412 
0.010515342571665136 0.16666666666666666 0.11461622530166615 0.37486843212666865 0.010515342571665136 0.32281799076166817 
0.11461622530166615 0.010515342571665136 0.5830701975866707 0.06256578393666565 0.010515342571665136 0.21871710803166713 
0.011737194924030832 0.302229954441473 0.011737194924030832 0.36032850634496144 0.011737194924030832 0.302229954441473 
0.11461622530166615 0.010515342571665136 0.21871710803166713 0.010515342571665136 0.16666666666666666 0.47896931485666966 
0.008012894423529853 0.008012894423529853 0.008012894423529853 0.7616183125784297 0.008012894423529853 0.20633010972745083 
0.7515214178074958 0.07805231043320769 0.007160825446440529 0.007160825446440529 0.14894379541997485 0.007160825446440529 
0.018018173736112433 0.1963963652527775 0.6423418440444402 0.018018173736112433 0.10720726949444497 0.018018173736112433 
0.09842851889717406 0.01654274157378296 0.5897431828375207 0.18031429622056516 0.01654274157378296 0.09842851889717406 
0.16666666666666666 0.09097866055757602 0.09097866055757602 0.015290654448485366 0.015290654448485366 0.6207947033212105 
0.4269188734916692 0.06256578393666565 0.06256578393666565 0.37486843212666865 0.06256578393666565 0.010515342571665136 
0.008343839839929187 0.46266151682100193 0.008343839839929187 0.008343839839929187 0.09094705383648787 0.4213599098227226 
0.012461170908857318 0.1358255675151048 0.07414336921198106 0.012461170908857318 0.012461170908857318 0.7526475505463421 
0.07414336921198106 0.19750776581822851 0.19750776581822851 0.012461170908857318 0.012461170908857318 0.5059187573338472 
0.00952389653531015 0.00952389653531015 0.6223807000476005 0.00952389653531015 0.29238088277175184 0.0566667275747171 
0.5236376542137244 0.008012894423529853 0.24599355278823504 0.008012894423529853 0.04767633748431405 0.16666666666666663 
0.16030828801289537 0.0077072003223848835 0.0077072003223848835 0.618111551084427 0.0077072003223848835 0.198458559935523 
0.09486513641869079 0.3533506453114039 0.008703300121119754 0.09486513641869079 0.09486513641869079 0.3533506453114039 
0.013280330913814318 0.4077023371354346 0.013280330913814318 0.013280330913814318 0.14475433298768775 0.4077023371354346 
0.013280330913814318 0.5391763392093081 0.013280330913814318 0.013280330913814318 0.21049133402462447 0.21049133402462447 
0.0090951265223834 0.3692586468521737 0.5943608470582926 0.0090951265223834 0.0090951265223834 0.0090951265223834 
0.012461170908857318 0.44423655903072345 0.012461170908857318 0.1358255675151048 0.012461170908857318 0.3825543607275997 
0.27076754939666764 0.11461622530166615 0.010515342571665136 0.010515342571665136 0.5830701975866707 0.010515342571665136 
0.17613310068632201 0.3465289130401185 0.005737288332525563 0.23293170480425418 0.03413659039149164 0.2045324027452881 
0.00952389653531015 0.10380955861412405 0.00952389653531015 0.38666654485056573 0.00952389653531015 0.4809522069293797 
0.20633010972745083 0.008012894423529853 0.20633010972745083 0.32532043890980344 0.08733978054509826 0.16666666666666663 
0.01978256260679509 0.11770529864670946 0.3135507707265382 0.41147350676645256 0.11770529864670946 0.01978256260679509 
0.3242382068109499 0.3692586468521737 0.0090951265223834 0.23419732672850233 0.0090951265223834 0.054115566563607186 
0.04767633748431405 0.6426279833960771 0.04767633748431405 0.008012894423529853 0.008012894423529853 0.24599355278823504 
0.010515342571665136 0.21871710803166713 0.010515342571665136 0.32281799076166817 0.010515342571665136 0.4269188734916692 
0.021930009099165603 0.021930009099165603 0.021930009099165603 0.13048250227479138 0.021930009099165603 0.7817974613285461 
0.005578852806530395 0.06080896041571998 0.7511853055305897 0.06080896041571998 0.11603906802490956 0.005578852806530395 
0.3692586468521737 0.14415644664605476 0.3692586468521737 0.09913600660483098 0.0090951265223834 0.0090951265223834 
0.08733978054509826 0.04767633748431405 0.008012894423529853 0.4443107680921561 0.008012894423529853 0.40464732503137185 
0.09094705383648787 0.049645446838208526 0.09094705383648787 0.13224866083476722 0.008343839839929187 0.6278679448141192 
0.004371625948669645 0.004371625948669645 0.4587977399590613 0.004371625948669645 0.4371584011966617 0.09092898099826806 
0.21562803468662384 0.41147350676645256 0.11770529864670946 0.21562803468662384 0.01978256260679509 0.01978256260679509 
0.00668678904149566 0.03978607406739311 0.20528249919688032 0.00668678904149566 0.37077892432636755 0.37077892432636755 
0.011737194924030832 0.06983574682751927 0.41842705824844983 0.06983574682751927 0.06983574682751927 0.36032850634496144 
0.09842851889717406 0.18031429622056516 0.01654274157378296 0.09842851889717406 0.01654274157378296 0.5897431828375207 
0.09842851889717406 0.01654274157378296 0.09842851889717406 0.01654274157378296 0.18031429622056516 0.5897431828375207 
0.008012894423529853 0.04767633748431405 0.3649838819705877 0.008012894423529853 0.008012894423529853 0.5633010972745086 
0.009995093541353233 0.009995093541353233 0.25737126163395335 0.5047474297265535 0.10894556077839329 0.10894556077839329 
0.7535147374843029 0.01654274157378296 0.01654274157378296 0.09842851889717406 0.09842851889717406 0.01654274157378296 
0.04767633748431405 0.08733978054509826 0.24599355278823504 0.008012894423529853 0.008012894423529853 0.6029645403352929 
0.00952389653531015 0.0566667275747171 0.00952389653531015 0.00952389653531015 0.00952389653531015 0.9052376862840422 
0.4317268192170167 0.26133100686322025 0.26133100686322025 0.005737288332525563 0.03413659039149164 0.005737288332525563 
0.14415644664605476 0.23419732672850233 0.18917688668727853 0.0090951265223834 0.0090951265223834 0.4142790868933975 
0.008343839839929187 0.25615348182960523 0.13224866083476722 0.13224866083476722 0.17355026783304653 0.2974550888278846 
0.01109272373817728 0.01109272373817728 0.2856349759649232 0.6150856786370184 0.06600117418352647 0.01109272373817728 
0.018018173736112433 0.37477455676944255 0.018018173736112433 0.10720726949444497 0.018018173736112433 0.46396365252777505 
0.40579696248951347 0.009995093541353233 0.009995093541353233 0.009995093541353233 0.25737126163395335 0.3068464952524734 
0.198458559935523 0.0077072003223848835 0.23660883185815063 0.0077072003223848835 0.04585747224501251 0.503660735316544 
0.2741584894162618 0.0054289325422739836 0.1129207552918691 0.0054289325422739836 0.3010314451036606 0.3010314451036606 
0.07414336921198106 0.32087216242447597 0.5676009556369709 0.012461170908857318 0.012461170908857318 0.012461170908857318 
0.028011430289942636 0.16666666666666666 0.7212876121735627 0.028011430289942636 0.028011430289942636 0.028011430289942636 
0.14415644664605476 0.0090951265223834 0.3692586468521737 0.0090951265223834 0.0090951265223834 0.4592995269346213 
0.008012894423529853 0.6029645403352929 0.16666666666666663 0.008012894423529853 0.008012894423529853 0.20633010972745083 
0.0064725521916589425 0.23074431245666974 0.13462784377166512 0.39093842693167746 0.23074431245666974 0.0064725521916589425 
0.008012894423529853 0.28565699584901927 0.04767633748431405 0.008012894423529853 0.48397421115294026 0.16666666666666663 
0.012461170908857318 0.3825543607275997 0.012461170908857318 0.3825543607275997 0.19750776581822851 0.012461170908857318 
0.015290654448485366 0.6207947033212105 0.2423546727757573 0.015290654448485366 0.09097866055757602 0.015290654448485366 
0.014214767071535673 0.014214767071535673 0.22530201266479397 0.22530201266479397 0.506751673455805 0.014214767071535673 
0.009995093541353233 0.3068464952524734 0.009995093541353233 0.3563217288709934 0.25737126163395335 0.059470327159873264 
0.008703300121119754 0.1810269727162618 0.39643156346018943 0.008703300121119754 0.008703300121119754 0.39643156346018943 
0.18603285063449615 0.1279342987310077 0.06983574682751927 0.011737194924030832 0.5927227139589152 0.011737194924030832 
0.5280950379687867 0.00952389653531015 0.2452380517323449 0.00952389653531015 0.19809522069293795 0.00952389653531015 
0.012461170908857318 0.19750776581822851 0.012461170908857318 0.012461170908857318 0.012461170908857318 0.7526475505463421 
0.16666666666666666 0.015290654448485366 0.3180426788848479 0.4694186911030292 0.015290654448485366 0.015290654448485366 
0.04260656793982411 0.007160825446440529 0.18438953791335844 0.007160825446440529 0.007160825446440529 0.7515214178074958 
0.024600449192221565 0.024600449192221565 0.024600449192221565 0.511684623390319 0.2681425362912703 0.14637149274174593 
0.04796196169958443 0.04796196169958443 0.04796196169958443 0.04796196169958443 0.5227807815679134 0.2853713716337489 
0.008703300121119754 0.008703300121119754 0.31026972716261836 0.09486513641869079 0.31026972716261836 0.26718880901383285 
0.008703300121119754 0.008703300121119754 0.3533506453114039 0.05178421826990527 0.1810269727162618 0.39643156346018943 
0.15663017386567532 0.03619226025377922 0.2469586090745974 0.006082781850805189 0.15663017386567532 0.39750600108946754 
0.08092060122669906 0.2279138562666435 0.007423973706726817 0.4484037388265602 0.007423973706726817 0.2279138562666435 
0.009995093541353233 0.20789602801543333 0.5542226633450735 0.009995093541353233 0.009995093541353233 0.20789602801543333 
0.19750776581822851 0.07414336921198106 0.012461170908857318 0.012461170908857318 0.5676009556369709 0.1358255675151048 
0.21684913067162337 0.18673965226864936 0.006082781850805189 0.006082781850805189 0.03619226025377922 0.5480533931043378 
0.1549395974670412 0.014214767071535673 0.22530201266479397 0.2956644278625467 0.014214767071535673 0.2956644278625467 
0.7052417148861957 0.01978256260679509 0.11770529864670946 0.01978256260679509 0.11770529864670946 0.01978256260679509 
0.018018173736112433 0.018018173736112433 0.1963963652527775 0.10720726949444497 0.28558546101111004 0.37477455676944255 
0.006915693553577276 0.17807745046045875 0.4519362615114691 0.14384509907908244 0.07538039631632987 0.14384509907908244 
0.3053219030433907 0.028011430289942636 0.44397713942011474 0.028011430289942636 0.028011430289942636 0.16666666666666666 
0.14692510719198415 0.2653744640400793 0.24168459267046027 0.1943048499312222 0.02847575034388897 0.1232352358223651 
0.6334556669398433 0.024600449192221565 0.024600449192221565 0.14637149274174593 0.024600449192221565 0.14637149274174593 
0.2974550888278846 0.17355026783304653 0.21485187483132587 0.21485187483132587 0.09094705383648787 0.008343839839929187 
0.5493404070170689 0.09913600660483098 0.0090951265223834 0.0090951265223834 0.0090951265223834 0.3242382068109499 
0.0566667275747171 0.10380955861412405 0.00952389653531015 0.4809522069293797 0.00952389653531015 0.3395237138111588 
0.3749282150990846 0.03413659039149164 0.0909351945094238 0.14773379862735594 0.31812961098115244 0.03413659039149164 
0.01109272373817728 0.01109272373817728 0.17581807507422487 0.01109272373817728 0.17581807507422487 0.6150856786370184 
0.028011430289942636 0.028011430289942636 0.028011430289942636 0.028011430289942636 0.7212876121735627 0.16666666666666666 
0.42248004368717995 0.03875997815641002 0.03875997815641002 0.230620010921795 0.03875997815641002 0.230620010921795 
0.6732449681529202 0.021930009099165603 0.021930009099165603 0.021930009099165603 0.021930009099165603 0.23903499545041718 
0.28558546101111004 0.1963963652527775 0.10720726949444497 0.37477455676944255 0.018018173736112433 0.018018173736112433 
0.012461170908857318 0.1358255675151048 0.07414336921198106 0.5059187573338472 0.25918996412135226 0.012461170908857318 
0.3180426788848479 0.015290654448485366 0.09097866055757602 0.09097866055757602 0.4694186911030292 0.015290654448485366 
0.7526475505463421 0.012461170908857318 0.07414336921198106 0.012461170908857318 0.1358255675151048 0.012461170908857318 
0.41842705824844983 0.011737194924030832 0.18603285063449615 0.302229954441473 0.06983574682751927 0.011737194924030832 
0.07538039631632987 0.041148044934953575 0.31500685598596395 0.07538039631632987 0.041148044934953575 0.4519362615114691 
0.008343839839929187 0.09094705383648787 0.008343839839929187 0.008343839839929187 0.049645446838208526 0.834375979805516 
0.5391763392093081 0.013280330913814318 0.013280330913814318 0.013280330913814318 0.4077023371354346 0.013280330913814318 
0.07414336921198106 0.19750776581822851 0.07414336921198106 0.32087216242447597 0.32087216242447597 0.012461170908857318 
0.0090951265223834 0.0090951265223834 0.18917688668727853 0.729422167181964 0.054115566563607186 0.0090951265223834 
0.20633010972745083 0.16666666666666663 0.16666666666666663 0.4443107680921561 0.008012894423529853 0.008012894423529853 
0.028011430289942636 0.028011430289942636 0.5826323757968387 0.3053219030433907 0.028011430289942636 0.028011430289942636 
0.25737126163395335 0.1584207943969133 0.009995093541353233 0.5542226633450735 0.009995093541353233 0.009995093541353233 
0.010515342571665136 0.16666666666666666 0.16666666666666666 0.010515342571665136 0.010515342571665136 0.6351206389516713 
0.024600449192221565 0.511684623390319 0.38991357984079467 0.024600449192221565 0.024600449192221565 0.024600449192221565 
0.013280330913814318 0.07901733195075103 0.21049133402462447 0.21049133402462447 0.21049133402462447 0.27622833506156114 
0.1584207943969133 0.009995093541353233 0.059470327159873264 0.6531731305821136 0.009995093541353233 0.10894556077839329 
0.4765256101519383 0.011737194924030832 0.011737194924030832 0.4765256101519383 0.011737194924030832 0.011737194924030832 
0.44423655903072345 0.012461170908857318 0.012461170908857318 0.32087216242447597 0.012461170908857318 0.19750776581822851 
0.6691695518123986 0.008343839839929187 0.008343839839929187 0.049645446838208526 0.13224866083476722 0.13224866083476722 
0.08457718226928844 0.1549395974670412 0.08457718226928844 0.506751673455805 0.1549395974670412 0.014214767071535673 
0.011737194924030832 0.1279342987310077 0.24413140253798454 0.011737194924030832 0.011737194924030832 0.5927227139589152 
0.011737194924030832 0.18603285063449615 0.011737194924030832 0.302229954441473 0.011737194924030832 0.4765256101519383 
0.23072652551957404 0.06600117418352647 0.3954518768556216 0.23072652551957404 0.01109272373817728 0.06600117418352647 
0.00668678904149566 0.10598464411918801 0.1721832141709829 0.10598464411918801 0.23838178422277778 0.37077892432636755 
0.39373068499393854 0.015290654448485366 0.3180426788848479 0.2423546727757573 0.015290654448485366 0.015290654448485366 
0.04417228746671294 0.3014104837866157 0.04417228746671294 0.007423973706726817 0.007423973706726817 0.5953969938665047 
0.012461170908857318 0.3825543607275997 0.32087216242447597 0.25918996412135226 0.012461170908857318 0.012461170908857318 
0.00952389653531015 0.0566667275747171 0.150952389653531 0.0566667275747171 0.00952389653531015 0.7166663621264144 
0.4325097353670435 0.18438953791335844 0.007160825446440529 0.36161825038027634 0.007160825446440529 0.007160825446440529 
0.1279342987310077 0.011737194924030832 0.1279342987310077 0.1279342987310077 0.011737194924030832 0.5927227139589152 
0.3405434264102724 0.01109272373817728 0.3405434264102724 0.23072652551957404 0.06600117418352647 0.01109272373817728 
0.5346241620554267 0.011737194924030832 0.24413140253798454 0.011737194924030832 0.011737194924030832 0.18603285063449615 
0.03875997815641002 0.03875997815641002 0.03875997815641002 0.230620010921795 0.03875997815641002 0.6143400764525649 
0.39643156346018943 0.22410789086504734 0.008703300121119754 0.09486513641869079 0.26718880901383285 0.008703300121119754 
0.059470327159873264 0.009995093541353233 0.059470327159873264 0.009995093541353233 0.3563217288709934 0.5047474297265535 
0.11766051107697095 0.004569382793057759 0.5247885728990584 0.2759880906744494 0.07242405976340567 0.004569382793057759 
0.12652069546270128 0.006082781850805189 0.006082781850805189 0.15663017386567532 0.5781628715073117 0.12652069546270128 
0.44423655903072345 0.19750776581822851 0.012461170908857318 0.25918996412135226 0.012461170908857318 0.07414336921198106 
0.0077072003223848835 0.0077072003223848835 0.23660883185815063 0.5418110072391716 0.198458559935523 0.0077072003223848835 
0.015290654448485366 0.015290654448485366 0.39373068499393854 0.015290654448485366 0.09097866055757602 0.4694186911030292 
0.06256578393666565 0.11461622530166615 0.16666666666666666 0.21871710803166713 0.4269188734916692 0.010515342571665136 
0.03252057883548465 0.03252057883548465 0.19349588423290306 0.19349588423290306 0.19349588423290306 0.3544711896303215 
0.36032850634496144 0.1279342987310077 0.011737194924030832 0.302229954441473 0.06983574682751927 0.1279342987310077 
0.010515342571665136 0.11461622530166615 0.11461622530166615 0.32281799076166817 0.37486843212666865 0.06256578393666565 
0.6682121114908868 0.081658964154087 0.081658964154087 0.030654342646539195 0.056156653400313096 0.081658964154087 
0.015290654448485366 0.015290654448485366 0.015290654448485366 0.16666666666666666 0.4694186911030292 0.3180426788848479 
0.012461170908857318 0.012461170908857318 0.07414336921198106 0.6292831539400946 0.25918996412135226 0.012461170908857318 
0.006915693553577276 0.31500685598596395 0.006915693553577276 0.17807745046045875 0.041148044934953575 0.4519362615114691 
0.7841598267992591 0.008703300121119754 0.05178421826990527 0.05178421826990527 0.09486513641869079 0.008703300121119754 
0.0090951265223834 0.0090951265223834 0.0090951265223834 0.3242382068109499 0.0090951265223834 0.6393812870995165 
0.3242382068109499 0.0090951265223834 0.18917688668727853 0.09913600660483098 0.054115566563607186 0.3242382068109499 
0.0090951265223834 0.0090951265223834 0.18917688668727853 0.6393812870995165 0.0090951265223834 0.14415644664605476 
0.059470327159873264 0.25737126163395335 0.009995093541353233 0.009995093541353233 0.10894556077839329 0.5542226633450735 
0.008703300121119754 0.26718880901383285 0.008703300121119754 0.26718880901383285 0.09486513641869079 0.3533506453114039 
0.2646621700266296 0.007423973706726817 0.19116554250665738 0.007423973706726817 0.5219003663465325 0.007423973706726817 
0.005737288332525563 0.516924725393915 0.005737288332525563 0.26133100686322025 0.005737288332525563 0.2045324027452881 
0.0077072003223848835 0.0077072003223848835 0.618111551084427 0.0077072003223848835 0.0077072003223848835 0.35105964762603353 
0.06983574682751927 0.011737194924030832 0.41842705824844983 0.011737194924030832 0.011737194924030832 0.4765256101519383 
0.10894556077839329 0.059470327159873264 0.3068464952524734 0.009995093541353233 0.3563217288709934 0.1584207943969133 
0.1584207943969133 0.009995093541353233 0.009995093541353233 0.8015988314376736 0.009995093541353233 0.009995093541353233 
0.008343839839929187 0.09094705383648787 0.13224866083476722 0.6691695518123986 0.008343839839929187 0.09094705383648787 
0.014214767071535673 0.014214767071535673 0.014214767071535673 0.1549395974670412 0.014214767071535673 0.788201334246816 
0.22530201266479397 0.22530201266479397 0.014214767071535673 0.22530201266479397 0.1549395974670412 0.1549395974670412 
0.4561399818016687 0.13048250227479138 0.021930009099165603 0.34758748862604294 0.021930009099165603 0.021930009099165603 
0.01109272373817728 0.01109272373817728 0.12090962462887567 0.01109272373817728 0.01109272373817728 0.8347194804184151 
0.0059049858081449795 0.2981989510054571 0.0059049858081449795 0.18128136492653227 0.0351343823278762 0.47357533012384445 
0.06600117418352647 0.2856349759649232 0.01109272373817728 0.3405434264102724 0.12090962462887567 0.17581807507422487 
0.010515342571665136 0.27076754939666764 0.16666666666666666 0.5310197562216702 0.010515342571665136 0.010515342571665136 
0.007423973706726817 0.2279138562666435 0.11766891498668518 0.4484037388265602 0.11766891498668518 0.08092060122669906 
0.009995093541353233 0.009995093541353233 0.8015988314376736 0.009995093541353233 0.1584207943969133 0.009995093541353233 
0.12700322360588245 0.008012894423529853 0.12700322360588245 0.7219548695176454 0.008012894423529853 0.008012894423529853 
0.010515342571665136 0.11461622530166615 0.5310197562216702 0.27076754939666764 0.06256578393666565 0.010515342571665136 
0.34408585086734733 0.09842851889717406 0.09842851889717406 0.18031429622056516 0.01654274157378296 0.2622000735439563 
0.6764218004251582 0.03252057883548465 0.03252057883548465 0.03252057883548465 0.19349588423290306 0.03252057883548465 
0.4269188734916692 0.010515342571665136 0.010515342571665136 0.5310197562216702 0.010515342571665136 0.010515342571665136 
0.17581807507422487 0.5601772281916692 0.12090962462887567 0.12090962462887567 0.01109272373817728 0.01109272373817728 
0.7517727658089574 0.008343839839929187 0.17355026783304653 0.008343839839929187 0.049645446838208526 0.008343839839929187 
0.0090951265223834 0.8194630472644115 0.0090951265223834 0.14415644664605476 0.0090951265223834 0.0090951265223834 
0.28077450460458764 0.006915693553577276 0.041148044934953575 0.006915693553577276 0.006915693553577276 0.6573303697997269 
0.3419653360984979 0.013280330913814318 0.013280330913814318 0.013280330913814318 0.013280330913814318 0.6049133402462448 
0.5031760644299573 0.03978607406739311 0.03978607406739311 0.3376796393004701 0.00668678904149566 0.07288535909329055 
0.0090951265223834 0.0090951265223834 0.14415644664605476 0.18917688668727853 0.0090951265223834 0.6393812870995165 
0.3660268430602994 0.08457718226928844 0.014214767071535673 0.506751673455805 0.014214767071535673 0.014214767071535673 
0.010515342571665136 0.010515342571665136 0.06256578393666565 0.010515342571665136 0.37486843212666865 0.5310197562216702 
0.6764218004251582 0.03252057883548465 0.03252057883548465 0.03252057883548465 0.03252057883548465 0.19349588423290306 
0.014214767071535673 0.506751673455805 0.014214767071535673 0.1549395974670412 0.014214767071535673 0.2956644278625467 
0.10380955861412405 0.38666654485056573 0.29238088277175184 0.00952389653531015 0.00952389653531015 0.19809522069293795 
0.12215801609026776 0.35105964762603353 0.3129093757034059 0.0077072003223848835 0.04585747224501251 0.16030828801289537 
