0.08076346427448619 0.006240629446040051 0.07660304464379282 0.28977050005239774 0.0 0.5466223615832831 
0.0918441692999431 0.17742370389322915 0.016568310211027268 0.001566158676664269 0.6334476168405772 0.07915004107855904 
0.002752659451228297 0.0554348749546745 0.4762779274543 0.05155977184372204 0.10565840434634396 0.3083163619497312 
3.364122373344176E-4 0.026018848490212812 0.02486543510506624 0.12483179388133281 0.024312757858016835 0.7996347524280369 
5.415472973030963E-4 0.0013839542042190238 0.044550890782097924 0.0019856734234446863 0.0830845893719392 0.868453344920996 
0.10771021213845076 0.2642218313645438 0.055988890083671576 0.05026136457121073 0.5208069620458065 0.001010739796316619 
0.0021120864892925787 0.2874967187637071 0.00215270353716359 0.1949499470480376 9.071140691192484E-4 0.5123814300926799 
0.13156150432457495 7.92007636752195E-4 0.09156511866858912 0.7748933579149553 3.960038183760975E-4 7.92007636752195E-4 
0.8768061633853752 4.767537870026054E-4 0.024374719071661968 0.09826901701949824 7.33467364619393E-5 0.0 
0.176345759700063 0.3778220753111482 0.14764738835469313 0.07506706623797732 0.07688171735349253 0.14623599304262574 
0.0017134446540288126 0.10580857737715767 0.001756280770379533 0.6871148962017033 9.852306760665672E-4 0.20262157032066408 
0.06539962042264605 0.10476623018614344 0.3516944250085902 0.06353324933337261 0.3166041068047654 0.09800236824448234 
0.058569842093151185 0.36124262084496167 0.17896178285701309 0.08992343211263128 0.3090896186716191 0.002212703420623666 
0.46372739929036516 0.17673887430854796 0.1645584896130635 0.10248294470171031 0.08373336376596459 0.00875892832034837 
0.16235917693851468 0.013302541807528184 0.22543172437260997 0.2708942402710251 0.0036740353563649267 0.3243382812539571 
2.9836141502773047E-4 0.202556701347234 0.1815895672274463 0.04559985133848753 0.02314091014356117 0.5468146085282433 
0.3333333333333333 0.1379840667985099 0.056158770282474894 0.028079385141237447 0.24426946009426637 0.2001749843501781 
0.19355853319172914 0.18849738069951633 0.3606328831398146 0.002070471474087062 0.130035915800528 0.12520481569432484 
0.3733133878912939 0.16041981310518397 0.25637175227981807 0.0 0.20689651866129802 0.00299852806240597 
0.07719386984702374 0.05169155909324984 0.5282500610965821 0.02825006109658206 0.15438773969404748 0.16022670917251483 
0.1786436074523244 0.1887662149778114 0.13963315582172414 0.04533038648778263 0.39624410776527297 0.05138252749508436 
0.22925030753160372 0.17113635516951886 0.4846507622786823 0.11099787528107469 0.0030367912895390274 9.279084495813695E-4 
0.08811958433865892 0.13022562363649579 0.0067336895181690825 0.470399823159715 0.30396013855378035 5.611407931807569E-4 
0.04058800780196072 0.6115938112529404 0.0913462277568632 0.12731141185294131 0.1263868471117648 0.002773694223529565 
0.07192935284674991 0.09819844043004736 0.6342204327692819 0.0025792162136784084 0.14471844443139262 0.04835411330884991 
0.12290924665994457 0.08222442214936283 0.4260009582495386 0.0420611541237841 0.20156969949512027 0.1252345193222496 
3.153973919886069E-4 0.05609857885028078 0.003289144230738329 0.633532988353373 0.051097277348747146 0.2556666138248721 
0.06069879200973527 0.3199621473882396 0.005200480212493662 0.05983204530765298 0.4335590110889696 0.1207475239929088 
0.04013922684453341 0.1568276168995603 0.20914919264076656 0.002734813017620443 0.20318232787504922 0.38796682272247 
7.860837176282847E-4 0.1960102986536788 0.567592719302701 0.0010756935083334424 0.09541934762411479 0.13911585719354358 
5.723332596063951E-4 0.0035770828725399705 0.28988414231998944 0.0032909162427367726 0.07075403580117819 0.6319214895039492 
0.13960617811225082 0.4176660882039341 0.18983697320466747 0.1029450304428785 0.0035060333054755762 0.1464396967307935 
0.552200644113021 9.994220234778664E-4 0.176571216194923 0.22389967794348947 0.04383048466639392 0.002498555058694666 
0.2692496411169386 0.10769985644677543 0.11563014496816286 0.10694459087330996 0.3200785070464644 0.08039725954834884 
0.0486565629390589 0.3432449713978032 0.44926205569891964 0.09693469290320482 0.002270597849477917 0.05963111921153549 
0.07838919371656407 0.26650055321049576 0.12210914665194865 0.024252915954827262 0.48449527451133706 0.024252915954827262 
3.268360397447565E-4 0.21599572545673432 0.12457783678199638 0.09425046768585917 0.06152630096492708 0.5033228330707383 
6.404875614170263E-4 0.002561950245668105 0.6415320462469095 0.0773253239435225 0.08078395677517444 0.19715623522730838 
0.7136208836086776 0.04565794890961515 0.053180553556633196 0.09265466644285215 0.09373843151911745 0.0011475159631044475 
0.10640990840439155 0.17818776683628923 0.18233035654591767 0.00447399688639873 0.3585296803215853 0.17006829100541745 
0.942901087651922 0.055413941653671195 8.424853472033377E-4 1.6849706944066758E-4 3.3699413888133516E-4 3.3699413888133516E-4 
0.519262043825736 0.104947523361852 0.0015644494238639844 0.37057560139953194 0.0023466741357959764 0.001303707853219987 
0.07071582100892354 0.07519229461708671 7.068116223415528E-4 0.36759753555439184 4.712077482277019E-4 0.48531632944902864 
1.2193878322318245E-4 0.0452502224107562 0.13566752715279823 0.15740858217980827 4.877551328927298E-4 0.6610639743405214 
0.04404991411682034 0.10901431023403836 0.37171471085142244 0.1529753863462177 0.17184659423987245 0.15039908421162876 
0.006099534059696997 0.3272465066362607 0.1235812696331583 0.002287325272386374 0.48297848776465807 0.05780687663383954 
0.06306039125288733 0.09681226669030911 0.13139727205684767 0.034446150378352434 0.06326867373516654 0.611015245886437 
0.09556455764611903 0.05156083390827921 0.4603561475143367 0.14878214263022535 0.09899432303116461 0.14474199526987505 
0.9966353745951627 9.613215442392034E-4 0.0016823127024186057 2.4033038605980085E-4 0.0 4.806607721196017E-4 
0.6244885241809032 0.03850592430810176 0.0026929599969519936 0.3286818569749617 8.568509081210888E-4 0.004773883630960352 
0.7106595822757281 0.0012744831528969643 2.1241385881616068E-4 0.28771191147334796 7.08046196053869E-5 7.08046196053869E-5 
0.6923497610112113 0.0252219883589155 0.10249646268785645 0.051119550603752666 0.1284261951177375 3.860422205266656E-4 
0.7101652238016223 0.14455802601030165 4.7914945184951706E-4 0.14407887655845214 2.3957472592475853E-4 4.7914945184951706E-4 
0.05895113264857542 0.13103200877149043 0.26001782375477206 0.18128681782017858 0.3606979580011658 0.008014259003817662 
0.001687138802327137 0.003374277604654274 0.12450971068939698 0.001687138802327137 0.3265847781240248 0.5421569559772698 
0.6674378245264199 0.05182477409786973 0.0017691268547279431 0.2306817541325686 4.082600433987561E-4 0.047878260345015085 
0.004384118791638593 0.006839225314956206 0.549185031989976 0.08451624859837426 0.3491129737484263 0.005962401556628486 
0.04334499634683343 0.6063191015185294 5.108473371385217E-4 0.0025542366856926087 0.3467599707746674 5.108473371385217E-4 
0.11616352695063507 0.31642994869017427 0.1301506682764447 0.15640711254107095 0.27789907428249067 0.002949669259184338 
6.359076173584887E-4 0.12119143651188286 0.4439192258273038 0.07960726345551938 0.11841887930019986 0.23622728728773554 
0.2268706817951224 0.26284501443572156 0.01670735269357471 0.06615678301409238 0.19795056473625483 0.22946960332523406 
0.0015813403954707237 0.07083243120012016 0.28341757704467346 0.0021963061048204495 0.0030748285467486294 0.6388975167081665 
0.8315576774223473 0.03341352424544238 0.09920954672349651 0.03341352424544238 0.001546539019245942 8.591883440255234E-4 
0.06297589930252878 0.09597258699759864 0.13216424937366825 7.099943735555031E-4 0.03210919472812546 0.6760680752245235 
5.906978349273086E-4 0.0040504994395015445 0.039331667592482245 0.038909740567534164 0.03857219894757571 0.8785451956179791 
0.4869855436314699 0.10499976821385144 0.0682719930103982 0.001140382627231818 0.33686063723182186 0.0017416752852267765 
0.5792103971984567 0.05021561091787953 0.0018509432483987467 0.36798267133590556 0.0 7.403772993594987E-4 
0.06267664644263703 0.06255376196080258 0.4737613827748111 0.031952745630490755 0.27553203145464084 0.09352343173661774 
0.09308612333770988 0.1843451007222624 0.0012180973021049197 0.48893989461917436 0.0012180973021049197 0.23119268671664356 
0.10341280218015121 0.17269758255879025 0.1406270343085075 0.10341280218015121 0.17372631933440497 0.3061234594379948 
0.11832635977303844 0.1837590155596279 0.08751382876796883 0.2423307354555745 0.12226942637685621 0.24580063406693411 
0.0010050930896663207 0.2399478237615698 0.43983447916973695 0.0016229026034979123 0.13475772570867767 0.1828319756668513 
0.037345853107112914 0.22728010241363025 0.07480034973188524 0.15155628278163996 0.03712856607179408 0.4718888458939375 
0.04962732578774873 0.14503101050331643 0.31055910268045256 0.09701860630198986 0.051242247374170886 0.3465217073523215 
0.5548686454271218 0.028013926301496985 0.20797911054775453 0.0778593406331726 0.13089257469849672 3.8640239195739676E-4 
0.5335756001380328 0.003176070283327432 0.2370688567035954 4.5372432618963316E-4 0.2230034025917168 0.0027223459571377993 
0.001181624398127354 0.0862486981780152 0.6132847766155964 0.09024804229475392 0.003181296456496722 0.20585556205701028 
7.872331767847013E-4 0.2239329501590952 0.003411343766067039 0.7692443623087708 0.0014432608241052858 0.001180849765177052 
6.555675530878097E-4 0.035328214706396 0.17283878172407072 2.622270212351239E-4 0.03362373906836769 0.7572914699268426 
8.024146849794792E-4 0.4068203965305231 0.06940822879171281 0.21143434511505638 0.0016048293699589583 0.30992978550776923 
0.9950843386852628 0.001062845689672939 3.985671336273522E-4 0.0018599799569276433 5.314228448364695E-4 0.001062845689672939 
0.05502308851051148 0.058006314471486894 0.4428717272120625 0.10596275425174453 0.05558376573012742 0.282552349824067 
9.313084927030579E-4 0.059940638970832585 0.6798082858941006 0.02870832899168099 0.057335674636170404 0.1732757630145125 
5.371772797897109E-4 0.16603995984024533 0.3728177173008543 0.0411406805802059 0.003357357998685693 0.416107107000219 
0.0035329906507894485 0.011592625572902878 0.4488927329831118 0.14298815253116753 0.07483385649015817 0.31815964177187017 
0.16011523435259 0.08255921896160691 4.07280947870048E-4 0.4340124469531662 1.3077828601331816E-4 0.32277504049875344 
0.04208248629005781 0.17249463471638307 0.0018220516808164257 0.7401301111706342 7.808792917784682E-4 0.04268983685032995 
0.04077048768508766 0.002530387712693638 0.09166252622094989 0.1667193830773478 0.0014233430883901714 0.6968938722155309 
0.0012558984442167232 0.05028257714994876 0.0012558984442167232 0.8918994550348021 0.0 0.05530617092681565 
0.0010443960145343704 0.13603132854082997 0.04412531416331989 0.7673628750162553 0.002088792029068741 0.04934729423599174 
0.8821272529572288 0.11074549408554235 0.0016447506824374203 0.00493425204731226 0.0 5.4825022747914E-4 
4.881666037819253E-4 0.321108938533238 0.1789724225673923 0.28899197576825003 0.14067201615449995 0.06976648037283772 
0.2334031044124632 0.004457892999703413 7.686022413281746E-4 0.5112117670730877 0.0 0.2501586332734174 
0.9248467833057995 1.8406546380314424E-4 1.8406546380314424E-4 0.07423288937518481 3.681309276062885E-4 1.8406546380314424E-4 
0.001608451053480325 0.084211665050039 0.7361058474755207 0.0014073946717952847 0.0014073946717952847 0.1752592470773694 
0.4935505971713052 0.041422371104973675 0.09457092917121057 0.04083606175691052 0.041422371104973675 0.2881976696906263 
0.004930054051574737 0.016550895744572337 0.3852802671888697 0.18225180541433092 0.09658417683569465 0.31440280076495764 
7.639561942435593E-4 0.1514815256325343 0.001145934291365339 0.6326645693286619 0.0 0.21394401455319487 
0.0014542690484419642 0.07763376043996259 0.21716095750145706 0.07412640567607313 7.699071432928048E-4 0.6288547001907724 
0.0390973431486834 0.31153775530704925 0.16145130500985924 0.44633427362088884 0.0019268000805962209 0.03965252283292298 
0.0 0.10510046215075479 0.051988191232530276 0.1299002231009698 0.0 0.7130111235157452 
0.0020136811488671736 0.18733101230081697 0.046228648730544095 0.19820489050469972 0.423105722595932 0.14311604471914008 
5.83762944003304E-4 0.5866295622238478 0.005020361318428414 0.11077382585457586 0.29640872471514135 5.83762944003304E-4 
0.03375214553397009 0.1978297913239732 0.4037693098057308 0.0010279935833811262 0.16384920277147397 0.19977155698147084 
0.03567668643449343 0.3114524067664493 0.4768511105155158 0.10107516268409383 0.07120068321207952 0.0037439503873680983 
0.11244734240992868 0.0011667094176242966 7.179750262303364E-4 0.8839627824589197 8.974687827879205E-5 0.001615443809018257 
0.23707226203479728 0.08199004047547091 5.561162119759675E-4 0.4731606261560986 2.5666902091198504E-4 0.2069642861007452 
0.06890757968982897 0.10402568492535802 0.1416988493555585 0.1739212208371266 2.7253964743161676E-4 0.5111741255446963 
0.001075278641083404 0.4783408159438914 0.0078341729564648 0.41370212211209134 0.04898616585269279 0.05006144449377619 
0.6910651348191484 0.08705886354931835 1.28146750249616E-4 0.22142748800565956 1.92220125374424E-4 1.28146750249616E-4 
0.14869771222780734 0.2993855541662711 0.3608715867656053 8.408998777421649E-4 0.002270429669903845 0.1879338172926703 
0.06725192425947567 0.0356098861731582 0.7286115941099929 0.0010911582238812012 0.002430306953189948 0.16500513028030211 
6.387387031242377E-4 0.327414354684382 0.03357179578249971 0.5610117000150068 0.0016607206281230183 0.07570269018686421 
0.04763828257584459 0.002531869126143928 0.2342037190055463 0.398235520212567 0.08850381523925419 0.228886793840644 
0.9173128678298546 0.0 0.0010339218611006263 0.040438884456609675 0.04018040399133452 0.0010339218611006263 
0.0 0.10829017987463453 0.0 0.40747973897757345 0.0 0.484230081147792 
0.8415990093611707 0.0 0.09419260110333273 0.032104194767748305 0.032104194767748305 0.0 
0.0020249226715621186 0.154854617749221 0.022274149387183303 0.16700415377859368 0.14270508171984828 0.5111370746935916 
0.18914341822187222 0.12950963157499903 0.2754065564000022 0.0 0.40286777631875076 0.003072617484375777 
2.3065600480045922E-4 0.060777377853742535 0.7732670649258625 0.003921152081607807 0.15765194104757846 0.004151808086408267 
0.1261065409685248 0.03418001165099568 0.6134790318306628 0.06546543085595738 0.0955447698750716 0.06522421481878787 
0.001869175636328598 0.06915890084843813 0.7956385901818999 0.06417443248489521 0.06853584230299527 6.230585454428659E-4 
0.0011204584159188412 0.15001867430693197 0.14721752826713488 0.0011204584159188412 0.001307201485238648 0.6992156791088568 
0.06243890271937102 0.0045749643734978584 0.6141833374374458 0.0038711237006520344 0.06134403945049973 0.2535876323185336 
0.09365914268905173 0.005226880272927722 0.40959949048110167 0.0015190620793196193 0.003658816191049405 0.48633660828654984 
0.049191995731677325 0.2798278922618673 0.2861277926923481 0.09463810472090657 0.1897870121794197 0.10042720241378089 
0.12283122072420989 0.0019866680388916994 0.13077789287977667 0.24447044062508475 0.04085544388411922 0.45907833384791774 
7.002465057029946E-4 0.12343282383141937 0.03921410796013794 0.7183641164324461 4.4438720554228504E-4 0.11784431806475124 
0.9295333859454223 3.6398387124090924E-4 0.06955665437647532 3.6398387124090924E-4 1.8199193562045462E-4 0.0 
0.7033008287370827 9.46474189844487E-4 0.001892948379688974 0.29232172813488655 5.915463686528043E-4 9.46474189844487E-4 
0.14682024028758214 0.0785955454670756 0.08274388572570322 5.926200369468024E-4 0.6897661583903252 0.0014815500923670059 
0.0013624377384858475 0.020709053624984878 0.6729086749697131 0.21558329013026162 0.08494049899955135 0.004496044537003296 
0.154114636895522 0.013693123386703313 0.11539806393053026 0.0027386246773406626 0.5544636648597006 0.15959188625020332 
0.0012209002392730025 0.0034010792379747926 0.1497071678701569 0.002965043438234435 0.0012209002392730025 0.8414849089750878 
0.0011864983939922043 0.4122167573893808 0.14187278466782982 0.22028074488657623 0.05634583408513021 0.16809738057709078 
0.06562587400666378 0.12494367794582589 0.12809771297957673 0.03056005483636701 0.6197620489618066 0.031010631269759982 
7.121590924395956E-4 0.15415877238860154 0.20994696883141548 0.630731105359796 0.0019584375042088877 0.0024925568235385845 
0.2370240654180302 0.24154901727127703 0.04314894017703213 0.3059773219811787 0.0645266732284505 0.10777398192403148 
0.0016001847678647476 0.07808828326088778 0.007734226378012947 0.0032003695357294953 0.07808828326088778 0.8312886527966172 
0.009912646744754165 0.0014160923921077379 0.4056005389990604 0.0 0.5802385370798621 0.0028321847842154757 
0.005709441782102083 0.003513502635139743 0.8930805164012381 0.003074314805747275 0.007027005270279486 0.08759521910549319 
0.0 0.046396173464777576 0.47978266901864436 4.585778078512639E-4 0.04662546236870321 0.4267371173400235 
0.24538953763094848 0.037690198158164934 0.3596127476977062 0.3492392073673402 0.005763077961314396 0.0023052311845257584 
0.0011980104128059403 0.23453228047595368 0.3752195242842866 7.188062476835642E-4 0.3101140180735254 0.07821736050574477 
0.0027783402775053262 0.004952693538161668 0.5356771287495808 0.04075061969111237 0.16239849174760052 0.2534427259960392 
0.07007092836229312 0.03503546418114656 0.5354370205810317 0.06953551982911295 0.07033863262888322 0.21958243441753247 
0.9685596947080138 0.0 0.031440305291986326 0.0 0.0 0.0 
0.14380946725204838 0.09964285387992586 0.46204092633392785 0.050459187868666745 0.09836733202251827 0.14568023264291288 
6.449746495174355E-4 0.0028620750072336203 0.0678134825618448 0.002297722188905864 7.25596480707115E-4 0.9256561491117911 
0.06784349433787738 0.09947042754795517 0.40105914490408967 0.03345101610045441 0.001588717356134468 0.39658719975348894 
0.0022375596547456263 0.27649767094592875 0.22145123270388778 0.0672287074734338 0.004102192700366982 0.4284826365216371 
0.05300545805463105 0.1075095533101542 0.6682297439973693 0.02800136622820764 0.02691901713867444 0.11633486127096333 
0.024003356891951124 5.642739401977654E-4 0.05208202557421945 3.7618262679851025E-4 0.07163388804905488 0.8513402729177784 
0.04565765957549332 0.04357433008204315 0.003851003003044241 0.30729303365806593 0.001199492738653124 0.5984244809427002 
0.03597291982686387 0.14810909797529773 0.32876446310983753 0.038345217827525147 0.03729086316056458 0.4115174380999111 
0.43191118451001087 0.19591393101240118 0.18772519036772847 0.0013101985031476278 0.18150174747777725 0.0016377481289345348 
0.191039371758669 0.07138478939246302 0.20102733317416532 0.3400870977190499 0.12764495149860303 0.06881645645704967 
0.07149407899348026 0.003193748235579366 0.07589301524248579 0.10814500950029002 0.03695222751016631 0.7043219205179981 
0.001487711823351936 0.15128136558960592 0.3427240308868877 0.07498433934332417 0.03876110034452109 0.3907614520123091 
0.0021158921028350576 0.11179503583121941 0.49884587703481725 0.1663460769541159 0.10775560545307974 0.11314151262393263 
0.10483490929632788 0.19884715058141086 0.20437612228280772 0.09812956063718702 0.2046113976743565 0.18920085952790996 
0.1426649918029226 0.08093628608277217 0.10424983107767918 0.44727334826504966 0.18129253000914633 0.043583012762430096 
0.2893902762054366 0.0032097105503344015 0.49562933031443823 0.04710723986900654 0.16357077563939376 0.0010926674213904346 
0.04564056230411356 0.14436315406701802 0.052771968327346 0.7084831416829599 0.0021704279201142204 0.046570745698448233 
0.8299848970951168 0.0031984299332330347 0.15882059813856744 0.0015992149666165174 0.003998037416541293 0.002398822449924776 
0.8283357850169275 0.001450901124117868 0.09740293183598539 0.001450901124117868 0.07039221348277296 9.672674160785787E-4 
0.2606319693875757 0.03757038301045934 0.29961877940941883 0.2162155224887611 0.07396041017809883 0.11200293552568612 
0.24491513542605645 0.1461426513539113 0.0010297862452557864 0.009268076207302078 0.0 0.5986443507674744 
0.8324024890370253 3.0015511906963054E-4 3.0015511906963054E-4 0.13339765716715524 0.033299388438610536 3.0015511906963054E-4 
0.0011966062875335861 0.03323542918253513 0.17118113584236155 0.03258273484388045 0.06614451119574292 0.6956595826479464 
4.6138236903178336E-4 0.3280120566771668 0.17214173744584382 0.3297191714425844 0.002599120678879046 0.16706653138649422 
0.10601107411539945 0.002167259689338514 0.3382875292133334 0.4449857832302304 0.003435899507487888 0.10511245424421031 
0.10977442369444221 0.11412820556587805 0.04289300095768174 0.03682062097910017 0.6599068474452268 0.03647690135767102 
0.7369042757014534 0.05274635514114472 0.002907663575666395 0.10603789720272691 0.050111285025697054 0.05129252335331153 
0.2730669336423796 0.0012425329270260882 0.583582017555248 0.039115760251497454 0.10210990328096191 8.828523428869576E-4 
0.03384873834312611 0.1019459234652336 0.18028563725613267 0.13539495337250443 9.992710896382056E-4 0.5475254764733649 
0.15198614657258105 0.060462245321349285 0.5609368357608966 0.015194659736928545 0.19606725605813347 0.01535285655011099 
0.18424945537324267 0.04632284479383239 7.814428515651609E-4 0.7218024502864839 0.04580188289278895 0.0010419238020868812 
0.0018515434151901396 0.0032323554536370235 0.0014435762220126511 0.0496711574231911 3.1382091782883727E-4 0.9434875465681402 
0.489820901850378 0.010530101534091682 0.02702726060416865 0.4580550955558681 0.00912608799621279 0.005440552459280703 
0.048574669698474085 0.003905014524728536 0.5373152111521734 0.28936534377765594 0.002343008714837121 0.11849675213213083 
0.16946188431229917 0.10782783959084437 0.22550549374248896 0.27303034463360826 0.05577739822584384 0.16839703949491533 
0.00362737946200696 0.30632950844950374 0.002418252974671307 0.6598149499050979 0.002418252974671307 0.02539165623404872 
0.04435147291099278 0.05299124529400217 0.05146657957935346 0.6678132031893063 0.044224417434772054 0.13915308159157322 
7.032908698553161E-4 0.14009421443985412 0.20873473992007055 0.037397160295725214 3.5164543492765806E-4 0.612718949039567 
0.001095900423241168 0.33931497087339857 0.15821925317430874 0.34283750794810236 0.004696716099605005 0.1538356514813441 
0.05429918102139735 0.0798763867390623 0.34877443870973246 4.101873373131436E-4 0.027126802325292385 0.4895130038672024 
0.7701441108762989 2.2124424953821642E-4 0.0 0.19273883494781807 0.0 0.036895809926344926 
0.029897885479143856 0.33667577813039656 0.17938731287486315 0.031234863397969135 0.17849599426231294 0.24430816585531442 
0.1639536470580087 0.031520528507012986 0.0 0.7422786429863204 0.0 0.06224718144865801 
0.13467672727682695 0.27528038120407056 0.3487736302102243 4.5591743464743135E-4 0.2058903891097436 0.034922954764487174 
0.24598371627232393 0.03179837720127886 1.235779608515727E-4 0.6898016395208606 0.0 0.032292689044685144 
0.5711961550153396 0.006716690913841201 0.0463801339746254 0.08250847655444056 0.16360291291649348 0.12959563062525975 
2.3543087673686135E-4 0.03622368245600316 0.12696274471255503 0.35973212779282104 7.84769589122871E-4 0.47606124457276117 
0.24510832688249018 0.059264018376936754 0.33521219245410677 0.031645072532154164 0.2963200918846837 0.03245029786962848 
0.17873727430246308 0.08720423448816646 0.03139055517758414 0.46839665242576617 0.028910003810925258 0.2053612797950949 
2.945686647680118E-4 0.08437842535141983 0.0011532049854747696 0.004017415193963736 1.817551335802626E-4 0.9099746306707934 
0.49050913605043134 3.8116882149228433E-4 1.2705627383076144E-4 0.40926983397422095 2.5411254766152287E-4 0.09945869233236311 
0.03779752631811025 0.2287882000650803 0.5385128985168313 0.11816172694580408 0.07626273335502676 4.76914799147333E-4 
0.09177649824905858 0.317032581742222 0.09012310086457147 0.22818397469485938 0.045561014225516214 0.22732283022377234 
3.219466509453959E-4 0.12081469353770985 0.8336195081341737 0.0015024177044118477 0.0027902043081934314 0.04095122966456578 
0.001108569909384127 0.11888509540541937 0.11714305697638719 0.2737033229146981 0.07725074662472736 0.41190920816938376 
0.033060804820000324 0.33177602754285895 0.13311920378714312 0.0981604325350022 0.033936789327142135 0.3699467419878532 
0.0010813384260317171 0.009191376621269596 0.12339305118857194 0.1457407119932274 0.0 0.7205935217708992 
2.1995771097153846E-4 0.1484508449933808 5.223995635574038E-4 0.21724606150046136 1.0997885548576923E-4 0.6334507573761431 
0.12667691347514082 0.035194284248987504 0.6963076816390454 0.13008969255383052 0.007678752927051819 0.004052675155944016 
0.8259409614450065 0.0024420994653451284 0.08626636319457637 3.0526243316814105E-4 0.08474005102873566 3.0526243316814105E-4 
0.036718778128306345 0.0025460712698455214 0.7777777777777777 3.1825890873069017E-4 0.14496555906084124 0.03767355485449842 
0.004628600364787738 0.009458444223696683 0.20212704785062544 0.3700733676359425 8.049739764848242E-4 0.41290756594846273 
8.198253173072559E-4 0.0021862008461526823 0.8448084917869829 2.732751057690853E-4 0.1509557440735962 9.564628701917987E-4 
0.034504557063252575 0.19978424826027802 0.49491442327798224 0.06777624704237963 0.09889041962428705 0.10413010473182045 
0.18030163863449183 0.19150288949712999 0.008485796108059232 0.004299470028083344 5.091477664835538E-4 0.6149010579657519 
0.002073955865077 0.13557682780696056 0.8531817302576945 0.0011421785923612466 0.004809173020468406 0.003216134457438247 
0.940872718001125 0.0 0.0 0.05912728199887508 0.0 0.0 
0.21435928732336637 0.12365264806154444 0.09392137371147023 0.18443891094684223 3.7820405289980453E-4 0.38324957590387704 
0.1782032340265418 0.06317021788638662 0.3360345502455699 0.062039475923124816 0.2660798805796124 0.09447264133876448 
0.3135449481092437 0.0667114575311945 0.19278807073465776 0.0012666037687803055 0.36429719815380635 0.06139172170231723 
0.0027564490236403755 0.16217467566517865 7.146349320549122E-4 0.05266298559247615 2.0418140915854635E-4 0.7814870733774913 
0.3735700213337712 0.0019940986905208863 0.14796274610509907 7.346679386129582E-4 0.12050015887599563 0.35523830705600024 
6.65563484996716E-4 0.0022819319485601693 0.2456976074719855 0.05037556796653386 2.8524149357002116E-4 0.7006940876343537 
0.4365783861888848 0.11268432276222305 0.22463628837651467 0.03691045678924642 0.1477638866816409 0.04142665920149016 
0.002138713743389519 0.1090199243397969 0.16812812105798283 0.6616050441406448 0.05354754098537316 0.005560655732812749 
0.08329366553915744 0.0017453829437391762 0.5460896257172784 0.04267819541815187 0.3252411033214517 9.520270602213687E-4 
0.0025659325456436005 0.7747445402078045 0.012829662728218002 0.008980763909752602 0.00609408979590355 0.19478501081267777 
0.02919676298549473 0.1470470961628452 0.11811615348619334 0.11559086055218593 5.316406176857665E-4 0.5895174861955952 
0.0022500410846544115 0.005721533043835504 0.8452497828382552 0.0068786970302292 0.13134978988133886 0.008550156121686763 
0.028561423236337292 0.08795396619220879 0.05733900804250285 0.20576632503972456 1.0808078491413934E-4 0.6202711967043125 
0.06352898860249032 0.004868810789239162 0.7180702644147299 0.005260554186074497 0.003161928845885203 0.20510945316158086 
1.0225462445228713E-4 0.00214734711349803 8.180369956182971E-4 0.06382673495127329 0.0 0.9331056263151581 
0.21016858211018472 0.0027353538648071047 0.06563868827419837 2.9011328869166264E-4 0.7201311435739336 0.0010361188881845094 
0.0010365297104080158 0.46167289686185653 0.19637905621164134 8.292237683264127E-4 0.09881144593206548 0.24127084751570224 
8.103754087038073E-4 0.0036565719661025456 0.17831254451800194 0.04578875792908849 8.894364241871056E-4 0.7705423137539161 
2.627178499517985E-4 0.08405580742070078 0.16338269354226917 0.41029575880533553 5.25435699903597E-4 0.34147758668183903 
0.6774919235195535 6.160965563673383E-4 0.024158467047700985 0.045544499591748944 0.2521890132846294 0.0 
0.005444742001870209 0.005444742001870209 0.23178076929217215 0.0 0.003266845201122125 0.7540629015029653 
0.14014396469167267 0.05584743364922621 0.3898812744073691 0.16649153981046427 0.16439001753603563 0.08324576990523214 
2.6360686262909624E-4 0.30713206935365495 0.05118867822560916 0.15409324840208566 0.001054427450516385 0.48626796970550473 
0.050231309462335866 0.11293787034763296 0.10063445434372079 0.15155310548225284 5.155062571471582E-4 0.5841277541069104 
0.0022044359477458217 0.30847485778225703 0.03530372097364327 0.1023840654045365 0.5472240479963258 0.0044088718954916435 
6.243256003501649E-4 0.657604485982796 0.11070750668260192 0.0019864905465687066 0.003405412365546354 0.22567177882213676 
0.13770742105028264 0.034880697652024166 0.10632779325975697 0.0704097415746962 1.2966925412957392E-4 0.6505446772091105 
8.340509037993511E-4 0.0025021527113980534 0.0026213028405122464 0.9909445901873214 7.149007746851581E-4 0.00238300258228386 
0.14607651917851577 0.05069720390904423 0.6449828659878581 0.051927563748534064 0.0038277861673016874 0.1024880610087461 
0.0636321889734692 0.31611543287214866 0.03297393146514819 0.45754401652168 0.03170031078889324 0.09803411937866081 
0.0019873824457538568 0.1455259359384788 0.253355241351319 0.05013617250091277 0.0018892401027536666 0.5471060276607819 
0.17982110398603682 0.045033013634769414 9.328516591225179E-4 0.6052751960904638 0.1686268840765666 3.109505530408393E-4 
0.13157429891859299 0.08339593490650501 0.4441377484221307 0.052947673535676434 0.2080812311799147 0.07986311303718024 
0.0017088227874410597 0.06397523149671726 0.39029507490794585 0.0021004280095629694 0.2847022992461448 0.2572181435521882 
0.216714071164257 2.942593143371964E-5 1.471296571685982E-4 0.7568513969146111 0.0 0.026257976332529544 
6.694916942678846E-4 0.29835538713070914 0.0019128334121939561 0.054315991602390534 0.05476231939856912 0.5899839767618695 
0.04355564360993751 0.08995963998678694 0.00246857239799033 0.09204843201585568 2.848352766911919E-4 0.7716828767127383 
0.05232590398379343 0.05271463445462242 0.5470780426276022 0.0980433899634941 0.0034985742374608712 0.246339454733027 
1.852623913950819E-4 0.06188631832850379 0.09551578216798438 0.12117896317747644 0.03103579035994944 0.690197883574691 
0.21737864685942304 0.03638658087320788 0.5610089335719446 0.03811145123621911 0.07528206409261391 0.07183232336659148 
0.7005496451234366 0.08423570440002309 0.08423570440002309 0.0875006852069519 0.0 0.04347826086956521 
0.5606936480290147 0.11965317598549267 0.1595375679806569 0.1156068958162406 0.003468240145073197 0.04104047204352196 
0.9224539322763586 0.0011248445010192147 0.07529637872160297 2.2496890020384298E-4 4.4993780040768596E-4 4.4993780040768596E-4 
2.2063080776780274E-4 0.14231101634929208 0.0011031540388390135 0.24409812589221128 2.2063080776780274E-4 0.612046442104122 
0.0038523626434962405 0.004494423084078947 0.09492772251939662 0.8870945851442876 6.420604405827068E-4 0.008988846168157894 
0.09566403442368994 0.19617206308794427 0.10355620064978018 0.19681005257328688 0.0011972148366923305 0.40660043442860644 
0.24335990533249818 0.0030813121494936892 0.06538491175362773 0.06291986203403278 0.6237133526556007 0.0015406560747468446 
0.07979015147170546 0.16972479755636374 0.6558939155567368 0.0031597606171492416 0.08622054149958812 0.005210833298456645 
0.0013630598561746535 0.008665166228538869 0.8402896930363476 0.001460421274472843 0.005062793751505857 0.14315886585296028 
2.7106214498422805E-4 0.12035997052853904 0.19779897538272806 0.16116665147201212 0.0023853468758612065 0.5180179935958753 
0.0020654233450070206 0.05104418624664244 0.5431267300907822 0.001376948896671347 0.3973378987997687 0.005048812621128272 
0.12555525085328556 0.08782957521497586 0.5648406627497021 0.12638046578250933 0.04405232342902522 0.05134172197050183 
6.463339934362367E-4 0.005770839227109257 0.9359822515291646 0.001754335125041214 0.05455357213837617 0.0012926679868724734 
0.004111795332812482 0.18054726326076703 0.2273287972090838 0.1817808018606108 0.3077341200407174 0.09849722229600848 
0.021543625722530407 0.23552936411499562 0.15863818175504296 0.021543625722530407 0.021616151664172353 0.5411290510207284 
4.956736538571794E-4 0.0024783682692858977 0.16966749087783198 0.43234734248322343 0.04196250520342224 0.35304861951237926 
0.761941298774272 0.11719793667487155 0.041355246314114406 0.03860812540712574 0.0 0.0408973928296163 
0.0011061230818458375 0.007558507725946557 0.8672110499653355 7.37415387897225E-4 0.12191207306318036 0.00147483077579445 
0.7380126301644143 0.06829424817312965 0.002034476883078746 0.0649882232381267 0.0626994367446631 0.06397098479658732 
0.0010914151826860081 0.2827830563665004 0.0024011134019092176 0.3402456294903447 0.3219098544212198 0.05156893113733984 
0.05906656797969717 0.004840080381043643 0.0021780361714696388 0.4918928653617519 9.680160762087284E-4 0.4410544340298289 
0.0014328833660347841 0.26980937198830135 0.0014328833660347841 0.5899126293949175 0.0 0.13741223188471152 
0.002612034428591109 0.07501865048350212 0.39315035998907527 0.005564769000041928 0.14447253196696233 0.37918165413182714 
0.787690198158165 1.869106365831696E-4 0.03460617265454264 0.14234981398641713 1.869106365831696E-4 0.03497999392770897 
0.015220323497325203 0.13710026282399124 0.6938332598325296 0.03055799834271482 8.214594364509013E-4 0.12246669606698811 
3.0510412736370335E-4 0.038808913291831844 4.068055031516044E-4 0.10849403256403925 4.068055031516044E-4 0.8515783390104619 
0.0 0.2404714057982452 0.035188906601364846 0.3406051095061245 0.06661649436688838 0.3171180837273771 
0.001146481810066606 0.3418776740869008 7.643212067110707E-4 0.527720774661217 0.04283024941170148 0.08566049882340296 
0.22389554225781655 0.10914249930452953 0.22175467691815906 0.22005674923498245 0.0378818996040283 0.18726863268048402 
0.03789536549149756 0.11674490109185652 0.2702381159436992 0.30373644979773623 0.03961594308876471 0.23176922458644586 
0.06886485130123057 0.005525868800252473 0.5858204062755902 0.002450149373696852 0.13720839422507883 0.20013033002415107 
0.5965944854813133 0.25562775704359236 0.0011544117012497153 2.8860292531242884E-4 0.14546893407259487 8.658087759372865E-4 
0.9397664173034275 2.2992639310135023E-4 1.9707976551544307E-4 0.059313877124167004 1.313865103436287E-4 3.6131290344497896E-4 
0.001185547466327533 0.11257661636352499 0.2188303129066365 0.10585851405433565 0.48873729906988844 0.07281171013928688 
0.128048383748082 0.3284559193364021 0.1715440806635979 6.967734281330307E-4 0.3699774248722077 0.0012774179515772231 
0.11286752255343578 0.07615924820220504 0.19327094808371115 0.07507818416580976 7.407290619745409E-4 0.5418833679328636 
0.0011495954232866338 0.40231624301345115 0.0026823893210021453 0.15723926576742428 7.663969488577558E-4 0.43584610952597796 
5.053901850744187E-4 0.34960665084394454 0.0020426186646757753 0.1577602791631452 3.158688656715116E-4 0.4897691922774885 
0.042426819791534155 0.2968984359380998 0.08796137015491493 0.04351631154373325 0.04260542499681269 0.4865916375749052 
0.21966458704960773 0.03478121594912052 0.21011434357085815 0.3592834289570596 0.17368653391850494 0.0024698905548490267 
5.59497864929127E-4 0.003916485054503888 0.1357702295371964 0.17791865124443335 5.59497864929127E-4 0.6812756384340081 
8.052253374743154E-4 0.06194810283518447 0.03083984719467985 0.1802077311432332 0.0 0.7261990934894282 
5.820962189258609E-4 0.19694722871852216 0.0023283848757034435 0.004333382963114742 7.761282919011478E-4 0.7950327789318327 
3.113778310621616E-4 0.11279554895134539 0.6028024004795595 0.14041060275594017 0.02948332079096776 0.1141967491911251 
0.02769728746912443 0.2978756698988725 0.3039957088844114 0.08274214589391393 0.027622348216240284 0.2600668396374375 
0.907681755700307 0.083478441951796 0.006214118482185025 6.126595686661293E-4 0.001662933114950922 3.5009118209493095E-4 
0.038147596762301124 0.11304350728458835 0.0020989245034725035 0.8059970225164261 6.996415011575011E-4 0.04001330743205445 
0.003679502917925755 0.12839359559660043 0.5255846842741735 0.09152178750662775 0.09430627620127426 0.1565141535033984 
0.2110274387315552 0.009661251505644114 0.44275755926091925 0.008281072719123527 0.307569995984949 0.020702681797808816 
0.4228288651050266 0.0018940979781463124 0.32047340495539256 0.12505911584985205 0.06537070489214551 0.06437381121943692 
0.19422908447563383 0.14652047740442628 0.2543847642464547 0.25381898821465404 0.04997171119840997 0.10107497446042113 
0.041382323670724516 0.16160110871213415 0.7842375322438967 0.0011933729531434657 0.0038784620977162644 0.0077072003223848835 
0.1484084882720113 0.15609214614851707 0.5255766352532442 0.003841828938252884 0.007683657876505768 0.15839724351146878 
0.0013326344129564692 0.14453235728966687 0.5467941646260684 0.0747410711260383 0.0718854259554173 0.16071434658985256 
0.058405456864564095 0.17527817262240888 0.0012978426030488706 0.35710736028877876 0.11470964475276334 0.2932015228684361 
0.07772676003555536 0.15873817917485944 0.3345792385106173 0.0019254898194388979 0.0045305642810327005 0.42249976817849627 
0.04760678269741936 0.0032476616060868172 8.505780396894045E-4 0.05271025093555578 7.732527633540041E-5 0.8955074014449131 
0.002477055294018115 0.0056826562627474405 0.0034970192386138098 0.5035698738060849 5.828365397689682E-4 0.4841905588587667 
0.0013109797457171882 0.003195513130185646 0.13480234013111214 0.04220290557345991 0.04375969402149907 0.774728567398026 
0.12141990241833168 0.07304997782234811 0.2961606387163745 0.07304997782234811 0.3632695253982496 0.07304997782234811 
0.027767834677883508 0.22250062901926196 0.3323191371441173 0.08294555243745663 0.24937358470666074 0.08509326201461996 
0.3600198053461031 0.37960156801599926 0.07679762335846763 0.025936634615105023 0.1563508991533533 0.0012934695109717302 
1.970590991518862E-4 0.04107331522671394 6.568636638396207E-4 0.31150806655388136 1.6421591595990517E-4 0.6464004795404532 
0.5347679482585783 0.004574029928234919 0.19030092823054476 0.006861044892352379 0.25846461576923113 0.005031432921058412 
6.451048696005592E-4 0.09972905595476776 0.37184470841999384 0.23014221457837591 0.16245198151860965 0.13518693465865228 
0.8221404331742542 0.0831665057032969 0.006403641899528887 6.403641899528886E-4 0.0032018209497644435 0.08444723408320266 
0.10375361843703652 0.10567464442414133 0.7509605129935524 5.763077961314396E-4 0.03788230075687542 0.0011526155922628792 
9.10996635502482E-4 0.0032152822429499365 0.8787688471468293 0.002250697570064955 0.0013932889719449723 0.11346088743270831 
0.11780611058924136 0.001888114584422533 0.8166269002887644 0.031006445540364188 0.0016659834568434114 0.031006445540364188 
0.1149351077641889 0.14112019325572991 0.004909703529663941 0.26800224627543445 0.4649774481550638 0.006055301019918861 
0.2847968726812106 0.1271217458553947 0.39175430741053646 0.064215302524192 0.09624115008672615 0.03587062144194016 
3.926300806520189E-4 0.1770352335629663 0.005693136169454274 0.5417067128665034 5.889451209780284E-4 0.2745833421994459 
0.0017722793838799115 0.1961009853554642 0.003544558767759823 0.007975257227459601 0.0026584190758198673 0.7879485001896165 
0.011437370603530825 0.21092231710460302 0.4942813146982346 0.21282854553852484 0.011437370603530825 0.05909308145157593 
6.700621368504961E-4 0.0010050932052757442 0.0030152796158272326 0.15345116688193883 0.0 0.8418583981601075 
0.001377138764182754 0.13393927438957376 0.3656475839811714 0.0022034220226924057 0.09914617396620669 0.39768640687617296 
0.0467146302757854 0.002675037212465706 0.5309365872398788 0.22782182137212575 0.00236294953767804 0.18948897436206621 
3.096945171454337E-4 0.32433842813535374 0.03672581316425138 0.18009854832579894 2.4775561371634695E-4 0.4582797602437341 
0.7065590332563594 0.0 0.05573013368521418 0.23113736713950653 8.216832398649837E-4 0.005751782679054886 
0.07507024958983542 0.001780375334516746 0.1516566897871303 0.14802702136321227 0.037380059846427546 0.5860856040788778 
